1 0
3 0
5 0
7 0
9 0
11 33.2
13 66
15 66
17 66.8
19 67.2
21 66
23 64.4
25 62
27 63.2
29 59.6
31 64
33 64.4
35 64
37 51.6
39 55.6
41 62.8
43 67.2
45 65.6
47 63.6
49 65.2
51 62.4
53 64
55 65.6
57 58
59 55.2
61 53.6
63 57.2
65 48
67 46.4
69 52
71 60
73 57.2
75 60.4
77 56.8
79 62.8
81 59.6
83 56.8
85 46.8
87 58.8
89 52
91 53.2
93 63.2
95 62.4
97 59.6
99 55.2
101 61.6
103 57.2
105 63.2
107 61.2
109 55.2
111 51.2
113 54.4
115 56.8
117 53.2
119 52.4
121 56.4
123 59.2
125 57.6
127 52.4
129 64.4
131 56
133 59.2
135 55.6
137 59.6
139 60.8
141 64
143 60.4
145 63.2
147 59.6
149 48.8
