1 0
3 0
5 0
7 0
9 0
11 0
13 0
15 0
17 65.2
19 64.4
21 66
23 64
25 62
27 66
29 60.8
31 61.2
33 63.2
35 62.8
37 57.6
39 60
41 61.6
43 60.8
45 56.8
47 62.8
49 58
51 61.2
53 57.6
55 56.4
57 58
59 57.6
61 59.6
63 55.2
65 58.4
67 56
69 54.8
71 55.6
73 55.2
75 58.4
77 58.8
79 59.6
81 58.8
83 58
85 60.8
87 54.8
89 57.6
91 55.6
93 62.4
95 57.2
97 56
99 54.8
101 55.2
103 56
105 58
107 57.6
109 56
111 55.2
113 50.4
115 50.8
117 52.8
119 55.6
121 52
123 51.2
125 56
127 54.8
129 44
131 54.8
133 51.2
135 51.2
137 59.2
139 56.8
141 52.4
143 54.8
145 54.8
147 58.8
149 55.6
