1 0
3 0
5 0
7 0
9 0
11 33.2
13 66
15 66.8
17 44.8
19 45.6
21 44.4
23 37.6
25 40.8
27 50.4
29 48.4
31 61.2
33 45.2
35 48.4
37 46
39 53.2
41 46
43 48.8
45 56
47 40.4
49 52.8
51 53.2
53 42.8
55 43.2
57 46.8
59 47.6
61 43.6
63 44.4
65 38
67 51.2
69 42.8
71 35.2
73 48.4
75 49.2
77 46.8
79 50
81 45.6
83 42
85 53.2
87 52.4
89 46
91 42.4
93 51.2
95 50.8
97 52
99 46.8
101 52.4
103 47.6
105 46.4
107 48.8
109 62.4
111 58.4
113 52
115 45.2
117 42.4
119 48
121 52
123 50.4
125 54.4
127 50.4
129 47.2
131 40.8
133 49.6
135 47.6
137 49.2
139 46.4
141 43.6
143 46.8
145 37.6
147 34
149 34.8
