1 0
3 0
5 0
7 0
9 0
11 32.4
13 64.4
15 62.8
17 65.2
19 63.2
21 66
23 64.8
25 64.4
27 62.8
29 64.8
31 64
33 50
35 58.8
37 61.2
39 62.8
41 60.4
43 62.4
45 64.8
47 56.8
49 62
51 55.6
53 64.8
55 62
57 58.8
59 63.2
61 65.2
63 64.4
65 59.2
67 55.2
69 51.2
71 64.8
73 65.2
75 58.8
77 49.2
79 51.2
81 57.2
83 63.2
85 63.6
87 54
89 58.8
91 57.6
93 50
95 57.6
97 62.4
99 60.8
101 64
103 62.8
105 58.4
107 56.8
109 61.6
111 58.4
113 64.4
115 62
117 55.6
119 61.2
121 60
123 61.6
125 61.2
127 57.2
129 53.6
131 66
133 49.6
135 40
137 44.8
139 41.6
141 45.2
143 50.8
145 50.8
147 40.8
149 44.8
