1 0
3 0
5 0
7 0
9 0
11 15.2
13 32.8
15 32.8
17 47.6
19 48.8
21 50
23 50
25 53.6
27 50.4
29 53.6
31 48.8
33 55.6
35 59.6
37 51.6
39 59.2
41 55.2
43 55.2
45 57.6
47 58.4
49 52.8
51 54.8
53 53.2
55 52
57 54.4
59 51.6
61 54
63 53.2
65 58
67 56.8
69 59.6
71 57.2
73 51.2
75 57.6
77 54.8
79 52.4
81 52
83 53.6
85 50.8
87 52.8
89 59.2
91 53.6
93 52.8
95 56.4
97 57.2
99 55.2
101 50.8
103 56.8
105 54.8
107 60.4
109 58.4
111 52
113 58
115 53.6
117 56.4
119 52
121 54.8
123 58
125 53.2
127 54
129 52
131 54.4
133 57.6
135 57.6
137 54
139 56.8
141 55.6
143 57.6
145 56.8
147 61.2
149 58
