1 0
3 0
5 0
7 0
9 0
11 0
13 0
15 0
17 64.8
19 65.6
21 64
23 65.6
25 60
27 55.2
29 63.6
31 60.4
33 64
35 59.6
37 50.4
39 54.8
41 52.8
43 55.2
45 52.8
47 54.8
49 44.4
51 58.8
53 64.4
55 59.2
57 63.6
59 62.4
61 56
63 54.8
65 53.6
67 55.2
69 60.4
71 48
73 51.6
75 42.8
77 45.6
79 46
81 50.4
83 48
85 49.2
87 46.8
89 48.8
91 47.6
93 54.8
95 58.4
97 57.6
99 55.2
101 56
103 53.6
105 55.2
107 52.4
109 53.2
111 54.8
113 61.2
115 51.6
117 53.2
119 54
121 52.8
123 50.4
125 54
127 55.2
129 57.6
131 54
133 58.8
135 54
137 52.4
139 53.2
141 50.4
143 50.8
145 54.8
147 50.4
149 58.4
